 historical_averages = [[0.719]
 [0.24 ]
 [0.016]
 [0.005]
 [0.001]]historical_std = [[0.183]
 [0.142]
 [0.034]
 [0.021]
 [0.005]]two_party_averages = [[0.719]
 [0.261]]two_party std = [[0.183]
 [0.157]]predicted_averages = [[0.625]
 [0.204]
 [0.133]]predicted std = [[0.188]
 [0.125]
 [0.071]]  =====================================================================Election Cycle: 1; 1804 -> 1808  Continuation: ( %d > %d): (%d > %d); (%d,%d) > (%d,%d)[1, 1]Continuation: ( %d > %d): (%d > %d); (%d,%d) > (%d,%d)[1, 3]Continuation: ( %d > %d): (%d > %d); (%d,%d) > (%d,%d)[2, 2]     percent_vote_i = [[0.92]
 [0.08]
 [0.  ]
 [0.  ]
 [0.  ]
 [0.  ]
 [0.  ]]     percent_vote_f = [[0.697 0.269 0.034 0.    0.    0.    0.   ]]     do_transition_if generation = [[0. 0. 0. 0. 0. 0. 0.]
 [0. 0. 0. 0. 0. 0. 0.]
 [0. 0. 0. 0. 0. 0. 0.]
 [0. 0. 0. 0. 0. 0. 0.]
 [0. 0. 0. 0. 0. 0. 0.]
 [0. 0. 0. 0. 0. 0. 0.]
 [0. 0. 0. 0. 0. 0. 0.]]     do_transition_if continuation = [[1. 0. 1. 0. 0. 0. 0.]
 [0. 1. 0. 0. 0. 0. 0.]
 [0. 0. 0. 0. 0. 0. 0.]
 [0. 0. 0. 0. 0. 0. 0.]
 [0. 0. 0. 0. 0. 0. 0.]
 [0. 0. 0. 0. 0. 0. 0.]
 [0. 0. 0. 0. 0. 0. 0.]]     do_transition_if annihalation = [[0. 0. 0. 0. 0. 0. 0.]
 [0. 0. 0. 0. 0. 0. 0.]
 [0. 0. 0. 0. 0. 0. 0.]
 [0. 0. 0. 0. 0. 0. 0.]
 [0. 0. 0. 0. 0. 0. 0.]
 [0. 0. 0. 0. 0. 0. 0.]
 [0. 0. 0. 0. 0. 0. 0.]]     transition_matrix =[[0.877 0.    0.043 0.    0.    0.    0.   ]
 [0.    0.08  0.    0.    0.    0.    0.   ]
 [0.    0.    0.    0.    0.    0.    0.   ]
 [0.    0.    0.    0.    0.    0.    0.   ]
 [0.    0.    0.    0.    0.    0.    0.   ]
 [0.    0.    0.    0.    0.    0.    0.   ]
 [0.    0.    0.    0.    0.    0.    0.   ]]index election = 1transition_matrix = [[0.877 0.    0.043 0.    0.    0.    0.   ]
 [0.    0.08  0.    0.    0.    0.    0.   ]
 [0.    0.    0.    0.    0.    0.    0.   ]
 [0.    0.    0.    0.    0.    0.    0.   ]
 [0.    0.    0.    0.    0.    0.    0.   ]
 [0.    0.    0.    0.    0.    0.    0.   ]
 [0.    0.    0.    0.    0.    0.    0.   ]]sum of sum of transition matrix = 1.0index_election = 1 average transition_matrix = [[0.88 0.   0.04 0.   0.   0.   0.  ]
 [0.   0.08 0.   0.   0.   0.   0.  ]
 [0.   0.   0.   0.   0.   0.   0.  ]
 [0.   0.   0.   0.   0.   0.   0.  ]
 [0.   0.   0.   0.   0.   0.   0.  ]
 [0.   0.   0.   0.   0.   0.   0.  ]
 [0.   0.   0.   0.   0.   0.   0.  ]]  =====================================================================Election Cycle: 2; 1808 -> 1812  Continuation: ( %d > %d): (%d > %d); (%d,%d) > (%d,%d)[1, 1]Continuation: ( %d > %d): (%d > %d); (%d,%d) > (%d,%d)[2, 2]Continuation: ( %d > %d): (%d > %d); (%d,%d) > (%d,%d)[3, 1]     percent_vote_i = [[0.697]
 [0.269]
 [0.034]
 [0.   ]
 [0.   ]
 [0.   ]
 [0.   ]]     percent_vote_f = [[0.59 0.41 0.   0.   0.   0.   0.  ]]     do_transition_if generation = [[0. 0. 0. 0. 0. 0. 0.]
 [0. 0. 0. 0. 0. 0. 0.]
 [0. 0. 0. 0. 0. 0. 0.]
 [0. 0. 0. 0. 0. 0. 0.]
 [0. 0. 0. 0. 0. 0. 0.]
 [0. 0. 0. 0. 0. 0. 0.]
 [0. 0. 0. 0. 0. 0. 0.]]     do_transition_if continuation = [[1. 0. 0. 0. 0. 0. 0.]
 [0. 1. 0. 0. 0. 0. 0.]
 [1. 0. 0. 0. 0. 0. 0.]
 [0. 0. 0. 0. 0. 0. 0.]
 [0. 0. 0. 0. 0. 0. 0.]
 [0. 0. 0. 0. 0. 0. 0.]
 [0. 0. 0. 0. 0. 0. 0.]]     do_transition_if annihalation = [[0. 0. 0. 0. 0. 0. 0.]
 [0. 0. 0. 0. 0. 0. 0.]
 [0. 0. 0. 0. 0. 0. 0.]
 [0. 0. 0. 0. 0. 0. 0.]
 [0. 0. 0. 0. 0. 0. 0.]
 [0. 0. 0. 0. 0. 0. 0.]
 [0. 0. 0. 0. 0. 0. 0.]]     transition_matrix =[[0.697 0.    0.    0.    0.    0.    0.   ]
 [0.    0.269 0.    0.    0.    0.    0.   ]
 [0.034 0.    0.    0.    0.    0.    0.   ]
 [0.    0.    0.    0.    0.    0.    0.   ]
 [0.    0.    0.    0.    0.    0.    0.   ]
 [0.    0.    0.    0.    0.    0.    0.   ]
 [0.    0.    0.    0.    0.    0.    0.   ]]index election = 2transition_matrix = [[0.697 0.    0.    0.    0.    0.    0.   ]
 [0.    0.269 0.    0.    0.    0.    0.   ]
 [0.034 0.    0.    0.    0.    0.    0.   ]
 [0.    0.    0.    0.    0.    0.    0.   ]
 [0.    0.    0.    0.    0.    0.    0.   ]
 [0.    0.    0.    0.    0.    0.    0.   ]
 [0.    0.    0.    0.    0.    0.    0.   ]]sum of sum of transition matrix = 1.0index_election = 2 average transition_matrix = [[0.79 0.   0.02 0.   0.   0.   0.  ]
 [0.   0.17 0.   0.   0.   0.   0.  ]
 [0.02 0.   0.   0.   0.   0.   0.  ]
 [0.   0.   0.   0.   0.   0.   0.  ]
 [0.   0.   0.   0.   0.   0.   0.  ]
 [0.   0.   0.   0.   0.   0.   0.  ]
 [0.   0.   0.   0.   0.   0.   0.  ]]  =====================================================================Election Cycle: 3; 1812 -> 1816  Continuation: ( %d > %d): (%d > %d); (%d,%d) > (%d,%d)[1, 1]Continuation: ( %d > %d): (%d > %d); (%d,%d) > (%d,%d)[2, 2]     percent_vote_i = [[0.59]
 [0.41]
 [0.  ]
 [0.  ]
 [0.  ]
 [0.  ]
 [0.  ]]     percent_vote_f = [[0.843 0.157 0.    0.    0.    0.    0.   ]]     do_transition_if generation = [[0. 0. 0. 0. 0. 0. 0.]
 [0. 0. 0. 0. 0. 0. 0.]
 [0. 0. 0. 0. 0. 0. 0.]
 [0. 0. 0. 0. 0. 0. 0.]
 [0. 0. 0. 0. 0. 0. 0.]
 [0. 0. 0. 0. 0. 0. 0.]
 [0. 0. 0. 0. 0. 0. 0.]]     do_transition_if continuation = [[1. 0. 0. 0. 0. 0. 0.]
 [0. 1. 0. 0. 0. 0. 0.]
 [0. 0. 0. 0. 0. 0. 0.]
 [0. 0. 0. 0. 0. 0. 0.]
 [0. 0. 0. 0. 0. 0. 0.]
 [0. 0. 0. 0. 0. 0. 0.]
 [0. 0. 0. 0. 0. 0. 0.]]     do_transition_if annihalation = [[0. 0. 0. 0. 0. 0. 0.]
 [0. 0. 0. 0. 0. 0. 0.]
 [0. 0. 0. 0. 0. 0. 0.]
 [0. 0. 0. 0. 0. 0. 0.]
 [0. 0. 0. 0. 0. 0. 0.]
 [0. 0. 0. 0. 0. 0. 0.]
 [0. 0. 0. 0. 0. 0. 0.]]     transition_matrix =[[0.59 0.   0.   0.   0.   0.   0.  ]
 [0.   0.41 0.   0.   0.   0.   0.  ]
 [0.   0.   0.   0.   0.   0.   0.  ]
 [0.   0.   0.   0.   0.   0.   0.  ]
 [0.   0.   0.   0.   0.   0.   0.  ]
 [0.   0.   0.   0.   0.   0.   0.  ]
 [0.   0.   0.   0.   0.   0.   0.  ]]index election = 3transition_matrix = [[0.59 0.   0.   0.   0.   0.   0.  ]
 [0.   0.41 0.   0.   0.   0.   0.  ]
 [0.   0.   0.   0.   0.   0.   0.  ]
 [0.   0.   0.   0.   0.   0.   0.  ]
 [0.   0.   0.   0.   0.   0.   0.  ]
 [0.   0.   0.   0.   0.   0.   0.  ]
 [0.   0.   0.   0.   0.   0.   0.  ]]sum of sum of transition matrix = 1.0index_election = 3 average transition_matrix = [[0.72 0.   0.01 0.   0.   0.   0.  ]
 [0.   0.25 0.   0.   0.   0.   0.  ]
 [0.01 0.   0.   0.   0.   0.   0.  ]
 [0.   0.   0.   0.   0.   0.   0.  ]
 [0.   0.   0.   0.   0.   0.   0.  ]
 [0.   0.   0.   0.   0.   0.   0.  ]
 [0.   0.   0.   0.   0.   0.   0.  ]]  =====================================================================Election Cycle: 4; 1816 -> 1820  Continuation: ( %d > %d): (%d > %d); (%d,%d) > (%d,%d)[1, 1]Continuation: ( %d > %d): (%d > %d); (%d,%d) > (%d,%d)[1, 2]